列標籤	202706(新增)	202707(新增)	202708(新增)	202709(新增)	202710(新增)	202711(新增)	202712(新增)
_0002	-61	-558	0	0	0	0	0
_0011	-16	-170	-104	-135	-115	0	0
_0020	-39	-88	-94	-39	-135	0	0
_0023	-91	-198	0	0	0	0	0
_0026	-19	-83	-25	-3	-27	0	-3
_0043	-19	-53	-23	0	-141	0	-3
_0048	-104	-41	-22	-107	-192	0	0
_0049	-41	-100	-56	-33	-223	0	-2
_0055	-22	0	-131	-40	-14	0	0
_0062	-22	-263	-4	0	-15	0	0
_0063	-241	-192	-30	0	-409	0	0
_0070	-51	-9	-116	-7	0	0	0
_0073	-32	0	-54	-1	-147	0	0
_0074	-79	-341	-6	0	-40	0	0
_0079	-48	-16	-91	-163	-42	0	0
_0084	-35	-79	-13	-50	-159	0	0
_0088	-31	-378	0	0	0	0	0
_0090	-70	-80	-139	-34	-153	0	0
_0092	-36	-29	-73	-86	-33	0	0
_0097	-45	-20	-35	-126	-15	0	0
_0099	-32	-37	-5	-29	-33	0	0
_0109	-95	-6	-10	-82	-92	0	-11
_0110	-31	-23	0	-24	-28	0	0
_0111	-32	-23	-13	-3	-36	0	-8
_0113	-27	0	-11	-14	-47	0	-7
_0001	-92	-661	-191	-112	-79	0	0
_0004	-47	-46	-67	-115	-118	0	0
_0005	-154	-494	-154	0	-52	0	-133
_0008	-53	-297	-83	0	0	0	0
_0016	-112	-182	-39	0	-56	0	0
_0017	-77	-159	-214	-25	-78	0	0
_0028	-152	-163	-172	0	-80	0	-22
_0031	-10	-42	-32	-53	-26	0	0
_0040	-45	-80	-62	-51	-83	0	0
_0041	-51	-59	-59	-86	-46	0	0
_0045	-20	-296	0	0	-3	0	0
_0047	-114	-289	-9	0	-28	0	0
_0056	-20	-23	-20	-33	-47	0	0
_0061	-65	-76	-67	-142	-43	0	-22
_0064	-47	-28	-77	0	-235	0	-27
_0065	-123	-306	-22	0	-56	0	0
_0068	-68	-70	-62	-307	-77	0	-59
_0069	-62	-36	-15	-29	-134	0	-44
_0077	-36	-41	-157	0	-36	0	-59
_0082	-30	-34	0	0	-16	0	-45
_0086	-68	-107	-41	0	-42	0	-36
_0089	-88	-2	-36	-62	-19	0	-42
_0091	-68	-96	-66	-79	-16	0	-37
_0094	-111	-99	-43	-83	-257	0	0
_0112	-72	-69	0	0	-18	0	0
_0668	-5	-5	-1	0	-5	0	0
_0801	0	0	0	-11	-251	0	0
_0013	0	0	0	0	-2	0	-5
_0007	-89	-113	-138	-177	-113	0	0
_0018	-111	-80	-118	-197	-24	0	0
_0022	-52	-199	-58	0	-19	0	0
_0027	-125	-468	-268	0	-455	0	0
_0037	-88	-79	-39	-136	-54	0	0
_0044	-102	-28	-45	-157	-47	0	0
_0051	-73	-111	-151	-59	-2	0	0
_0054	-88	-125	-66	-126	-45	0	0
_0066	-52	-57	-97	-85	-76	0	0
_0076	-42	-45	-184	0	-50	0	0
_0080	-99	-190	-96	-37	-45	0	0
_0083	-85	-50	-86	-33	-5	0	0
_0104	-58	-37	-54	-84	-12	0	0
_0105	-49	-93	-42	0	-39	0	0
_0107	-50	-212	-2	0	-16	0	0
_0601	1300	4089	6119	5981	-89328	0	0
_0603	0	0	0	0	0	0	0
_0006	-282	-160	-212	-512	-121	0	0
_0012	-334	-324	-497	-48	-159	0	0
_0024	-74	-134	-134	-93	-44	0	0
_0032	-65	-176	-104	-55	-48	0	0
_0052	-44	-18	0	-427	0	0	0
_0075	-90	-191	-112	-14	-24	0	0
_0078	-233	-10	-17	0	0	0	0
_0085	-69	-42	0	0	-17	0	0
_0098	-61	-76	-40	-137	-13	0	0
_0100	-80	-302	-21	-13	-68	0	0
_0101	-126	-188	-134	-14	-7	0	0
_0102	-21	-29	-10	-89	-9	0	0
_0103	-83	-25	-50	-163	-40	0	0
_0108	-292	-24	-14	-6	-105	0	0
_0009	-35	-72	-76	-38	-45	0	-60
_0015	-225	-295	-65	-168	-279	0	0
_0025	-106	-70	-38	-46	-197	0	-44
_0030	-208	-241	-13	0	-30	0	-93
_0038	-96	-190	-7	0	-28	0	-50
_0039	-156	-67	-156	-92	-41	0	-74
_0046	-152	-78	-98	-42	-113	0	-57
_0067	-99	-64	-41	-28	-43	0	-41
_0072	-47	-92	-43	-50	-17	0	-52
_0081	-316	0	-6	0	-30	0	-22
_0106	-138	-82	-52	-22	-53	0	-32
_0114	-37	-12	-4	0	0	0	-61
_0010	-58	-330	-101	-88	-271	0	0
_0021	-140	-184	-179	-75	-71	0	-20
_0029	-30	-101	-174	-69	-190	0	-27
_0033	-11	-49	-280	-18	-49	0	0
_0034	-44	-178	-132	0	-30	0	-47
_0035	-79	0	-7	-160	-182	0	-18
_0036	-40	-88	-68	-77	-163	0	-33
_0071	-19	0	-93	-71	-64	0	-24
_0087	-77	-140	-106	0	-56	0	-3
_0093	-12	-68	-95	-27	-56	0	-40
總計	-6951	-8445	-1248	84	-96992	0	-1363
